100
***
700203034 1758272393 660894322 
1380080383 31165279 1787091062 
1752894032 1885700998 1338945135 
***
404446812 1933296284 1695630393 
913898339 1623844325 823071177 
734097439 1290882526 877240252 
***
1901115033 1097206845 1142705527 
312865052 1079756355 763954311 
354984154 609526458 1689337561 
***
1589094391 48014966 128748642 
673231369 748218000 1887021035 
1334125691 2128298384 1918186314 
***
973733105 1733708768 1656403665 
165194593 2138155581 1442216301 
1860824986 904570272 918576978 
***
536412515 1638667712 61975857 
1413652768 1392299097 1159182702 
408874647 1705164149 91455409 
***
1172828958 2060148303 700981867 
714682871 1501759047 748996834 
843431514 27506768 1497214834 
***
582968901 1361632460 1478029570 
353671568 187881917 1064254691 
2010075233 353076510 1054926624 
***
1304807886 66417848 1959496896 
75901217 602830364 1450680960 
137877074 2016483132 695496409 
***
1297059776 277874131 253176911 
1388515186 1450703089 165841566 
2089497053 17902312 1667600613 
***
691010239 861333826 1695107382 
40741426 1444302728 909256194 
1518770996 1797974296 1097138111 
***
435542039 1660565881 1450214622 
1490468663 817890119 1516632470 
1302481912 893791336 2119462834 
***
605679224 1031668410 1988462318 
1301175634 181244539 118852801 
1554352545 1569759725 1569555890 
***
1720194111 1511773130 1587458203 
1240311077 55299722 301308381 
787934811 96041148 1745611109 
***
1697191005 1614812144 1396101757 
646845468 2050354184 909183990 
2097060090 1393339199 1727074110 
***
1466208913 548337463 473381798 
1438188099 1154016688 1505050209 
1279166770 307708674 1686294748 
***
1398019571 1862061219 1108570825 
820091814 1434771682 472860307 
260066369 527599111 528160029 
***
561374750 1315533922 624201177 
159502212 865241279 91529674 
1555603969 1512086748 2141883858 
***
317304312 1461663190 1387739409 
2044378422 780388455 1936076873 
370276572 71092907 942609913 
***
1875326781 1350259677 1250318587 
1414137881 600795600 964896158 
375225058 1420887414 252184192 
***
848085366 1680953783 779783304 
1376245395 94844886 2095317226 
2000446573 254347098 813074858 
***
2091976247 1809951067 177677958 
2086376457 2127255379 1639341148 
1326632218 2024150153 272245956 
***
1115225443 246943078 343338863 
2057835356 2122269859 1693598540 
1160670295 1388924093 146910492 
***
2125566453 1764149151 1567797907 
230266998 464750869 1101268042 
1010050302 1840996265 1196112928 
***
957883880 1693959190 1450460026 
1770958738 1638451789 1112927446 
1948636696 1577344598 1092699177 
***
1440494197 756493168 969365683 
1712740153 1871718612 1216308761 
2056079016 1782070320 1191094972 
***
1602193908 795256968 432535417 
1749104400 773339773 49200921 
1169418659 1003606771 513951790 
***
123203054 2013657073 207464407 
1319315982 824057306 1901423597 
622292361 447532396 1392391738 
***
1735219807 248685445 822252688 
680435336 1689179642 1578745857 
1649801019 1254436147 1302980821 
***
718626132 1163031515 937567493 
1909721105 617741775 1732824461 
194772874 219362527 358680587 
***
243973795 1388781187 1362287358 
757925586 1511984241 1228460784 
965389993 683816575 2052518090 
***
719329943 1306108936 352566838 
2111721681 893845095 601252283 
786490722 1574280432 142948277 
***
217752931 1076597803 1397384424 
1520733752 1795223936 412932291 
310817597 1557461393 1030674066 
***
2043642059 1752234267 1250036594 
254838998 1996208063 491334133 
1617126356 606650001 2003318374 
***
698103492 1572039994 539651301 
603137934 143886289 1845760238 
955704773 108124323 592121685 
***
1556957056 894615045 18918469 
1699905334 1112367976 1095516273 
949806110 485618080 743256561 
***
1362738402 796435677 153234306 
245928820 692594088 1905468573 
1495965414 947433086 1754192988 
***
1987299547 417075795 213359341 
1843134273 1115179287 1785399336 
235301927 1718317222 1929285625 
***
2081062165 526538347 2037409948 
525700202 2083495403 784541345 
544618672 1635917089 1896909321 
***
1640134945 438239552 235043753 
235907858 1800977954 1031479431 
389142164 2046906774 1724073519 
***
147127089 1395388541 524022958 
1901320078 1235204440 941098753 
2114679419 930855066 2056278040 
***
1752595107 1166156993 1627111614 
1534397085 1099735510 6166313 
1424323385 1625435712 2089661717 
***
61381083 22570736 1578095158 
1958290404 1662705681 2016334710 
45850510 1898613539 1669829016 
***
1077329941 140272055 1569252143 
653919812 287399145 817157036 
1177942770 41235575 2052361476 
***
2119041523 8431346 835732894 
2027835916 1761026454 2001889887 
1507463882 1147939891 954141749 
***
1513630196 424779628 432093814 
1455808265 486160711 454664550 
886419775 296967468 2117370232 
***
755270838 342817978 1868500123 
277616206 1420147919 2008772179 
1846868349 2074067731 148687676 
***
516541737 1104526854 189923251 
421419566 1076084729 198354597 
1257152460 956436997 1959381051 
***
1111558700 316417232 959837294 
2065700449 1830047428 1384616923 
350310615 1138372045 1870777634 
***
804975166 2024791820 20261454 
774861750 632579010 363079432 
495878225 910195217 1783227351 
***
357166756 609579918 1709811435 
505854432 1126121656 666854641 
695777683 1547541222 1742939370 
***
894132281 657210034 551892720 
706029684 1768768734 868309952 
1665866979 1686985536 550873732 
***
903000254 2037296151 1689245777 
626294240 694787669 1566553949 
646555695 1469649419 51649312 
***
1009635127 1965527645 961844529 
645378831 175210753 1571424447 
207706618 681065186 550062455 
***
874561259 1376842869 2097603677 
470016981 123491502 607330064 
1021909701 829521187 228615150 
***
1890219653 347904518 1915600686 
293609737 1250904772 1805413190 
1982855514 1877199012 352717211 
***
1401925816 376271059 1822366631 
1453575128 1385906187 1640410628 
267936009 2031285018 1815621381 
***
1839360456 91507988 349202919 
241939264 966069247 1726045789 
192059293 1436086228 1849537291 
***
799389357 310512282 531574830 
1028004508 53248287 879479348 
796121546 346858025 2130384120 
***
454051088 182229891 1860099485 
806768300 1584155707 88886896 
481651283 890247187 1474793083 
***
2122061911 1158183196 1358594453 
1790199644 850060005 1450102441 
2139402564 1091999269 268688040 
***
1717964705 1284058562 1704774269 
1420018348 2083447920 2015286551 
1951593179 963968780 2068534838 
***
683588879 1760090326 267909215 
666489352 66657767 450139107 
379105189 873426067 2034294814 
***
467992085 1355077350 777058354 
1942785169 1329655613 1935241550 
1153895974 972371609 637817907 
***
456514768 964290525 1729817176 
725202808 534771582 866392091 
282493429 1954789931 802356363 
***
150296332 1758899462 1766325143 
71347523 295004693 1378931821 
339256738 961494045 1445589588 
***
789395845 1340599234 171532007 
676207012 1808591320 1526609357 
1453265366 1603892841 708781322 
***
1241023268 610305167 1681152932 
1878841176 1066819935 497959809 
1461174704 1792022744 1032731392 
***
180083147 2074516173 840037675 
982439510 77328858 451453489 
601281005 148676381 746458182 
***
1980212827 487933119 1707952228 
1278318767 1277328965 901067814 
1449850775 1953535977 562175486 
***
828976484 1259317695 18584679 
1537757807 352857315 628889847 
1071427091 84214843 1695709782 
***
1569386900 1545389548 1340248878 
454634644 1725472695 1267281404 
1294672319 560428558 1344610262 
***
1746125808 1161709563 1493286643 
345100343 994438742 1981219762 
2053052571 125273862 1111065079 
***
806636737 1575124637 917117408 
1368812224 256617473 28951455 
1387396903 1794375280 381808771 
***
2016286750 718318723 466023614 
1564512885 140221976 2011413162 
757278115 594856620 1589402210 
***
2024559519 1889528940 2347120 
1221686133 1488171100 1164056683 
567489128 1833271443 11011778 
***
401225243 1738840366 136285640 
1512290322 397993456 1711410277 
281924083 1766805680 1968027750 
***
310875538 1006718935 1614919383 
692684309 875522038 185754458 
1158707924 292551275 325976434 
***
1022637438 1049829390 920833055 
464556000 926905262 662878347 
466903120 1107747 3565799 
***
1630959804 568596876 1836837243 
1641971582 969822119 1428193961 
1778257222 334628793 1826187417 
***
1342183851 616552876 1445509449 
1162727953 927428415 304744737 
630163688 1620112724 1180266775 
***
815918147 631337000 1472818050 
1141894581 1653974439 375163792 
2062727636 2118530439 1302069054 
***
578122335 437949912 1303176802 
581688135 2068909716 1871773678 
271041730 1563397650 694112149 
***
1699235691 1194171224 1028740942 
1377939461 388871427 1645293819 
675965262 1551599380 425238586 
***
980709999 34279421 2045351310 
13493126 850197568 529204663 
1486311176 1992092149 35695454 
***
1861474969 1907336138 6742245 
1016060375 337974825 444692157 
171753529 919662960 366118225 
***
2043527207 1190704690 1929515875 
590155708 742456734 976203451 
1618896651 2120396195 1365074878 
***
1116706822 648877809 769190611 
1541945408 1629587809 803470032 
1439813070 1643080935 1653667600 
***
1969017733 981908464 1498276101 
2004713187 695899785 1258128591 
2011455433 1711960160 1596103417 
***
308663942 1883713690 368282729 
674782168 1779757249 1558987420 
456814395 222429310 153960506 
***
1433017847 1841325961 126873053 
650609077 810549135 775750862 
1419799688 205010895 257855023 
***
75786072 1644823965 1900935959 
1729453672 1466358051 735360775 
1080246126 1323587590 1431260560 
***
190891069 1187559375 995737072 
1786994486 1496223318 731967114 
7793568 23521838 364240716 
***
1566780988 480336233 586670026 
1720741494 1913354080 280512339 
1847614547 416479510 1091061474 
***
475881761 1836279198 1296072369 
733736785 1912065271 793412686 
487189096 1494035295 112287089 
***
1222549871 426797773 1435874680 
506326783 617688843 475950407 
1502063855 257199681 1972173725 
***
86547322 264993249 1995695563 
450788038 1831774237 328548149 
1037458064 1405032083 94418581 
***
1317970403 1105162982 510898091 
261548229 1581044744 199693642 
1557620598 167297881 2111758913 
***
203549636 654486977 1458310560 
315836726 1877036848 1885108334 
1751711406 235879983 355313529 
***
80178165 1737943838 612513210 
2052351891 1824491160 877506460 
1900563806 127795550 561797049 
***
